##FastQC	0.10.1
>>Basic Statistics	pass
#Measure	Value	
Filename	SAMPLE.bam	
File type	Conventional base calls	
Encoding	Sanger / Illumina 1.9	
Total Sequences	1333837971	
Filtered Sequences	0	
Sequence length	100	
%GC	39	
>>END_MODULE
>>Per base sequence quality	pass
#Base	Mean	Median	Lower Quartile	Upper Quartile	10th Percentile	90th Percentile
1	27.849785087577178	29.0	28.0	29.0	24.0	30.0
2	28.833317702124408	30.0	28.0	31.0	27.0	32.0
3	27.461216828711798	28.0	27.0	29.0	25.0	30.0
4	30.200519032907334	31.0	30.0	32.0	28.0	32.0
5	31.73687652051405	33.0	31.0	34.0	30.0	34.0
6	32.43900521932285	34.0	31.0	35.0	29.0	36.0
7	32.2847330164962	34.0	31.0	35.0	28.0	36.0
8	32.567816389596544	34.0	31.0	35.0	28.0	36.0
9	32.868060010416364	34.0	32.0	36.0	29.0	37.0
10-14	32.31431673345278	33.2	31.0	35.4	28.0	36.4
15-19	31.52790851131048	32.4	30.0	34.0	28.0	35.4
20-24	31.067410915684597	32.0	29.6	34.0	27.2	35.0
25-29	31.09181080210829	32.0	29.8	34.0	27.0	35.8
30-34	31.14754380657829	32.4	29.8	34.0	27.0	35.8
35-39	31.35456765805327	33.0	30.0	34.2	27.2	36.0
40-44	31.296518704669563	32.6	30.0	34.8	27.0	36.0
45-49	31.141050451022135	32.2	30.0	34.4	26.4	36.0
50-54	31.337481463106435	32.8	30.0	35.0	26.2	36.0
55-59	30.979484487775164	32.2	30.0	34.8	24.8	36.0
60-64	31.056447601910413	33.0	30.0	35.0	24.4	36.0
65-69	30.99181678057057	33.0	30.0	35.0	22.8	36.2
70-74	30.819897230381066	33.0	30.0	35.0	20.6	37.0
75-79	31.48078604099058	33.6	30.2	36.0	21.0	37.6
80-84	31.5523866021355	34.0	30.6	36.0	20.2	38.0
85-89	31.519866099988242	34.0	29.6	36.0	18.8	38.0
90-94	31.23079427538654	34.0	28.4	36.0	17.6	38.0
95-99	28.53855984086391	31.4	27.0	32.8	17.0	34.0
100	28.389982711775716	31.0	27.0	33.0	16.0	34.0
>>END_MODULE
>>Per sequence quality scores	pass
#Quality	Count
0	38076.0
1	38055.0
2	33970.0
3	40594.0
4	41223.0
5	44430.0
6	52248.0
7	63143.0
8	74315.0
9	140898.0
10	262730.0
11	403476.0
12	581406.0
13	1458099.0
14	4227893.0
15	1774143.0
16	2617757.0
17	3750508.0
18	4949712.0
19	6288316.0
20	7939648.0
21	1.0093572E7
22	1.2920441E7
23	1.6536923E7
24	2.1174302E7
25	2.7197265E7
26	3.531453E7
27	4.75229E7
28	7.6404751E7
29	1.20161988E8
30	1.43332596E8
31	1.59624411E8
32	1.48672738E8
33	1.76403676E8
34	1.60837863E8
35	1.41307633E8
36	1511742.0
>>END_MODULE
>>Per base sequence content	warn
#Base	G	A	T	C
1	16.937743129512903	32.6101132808461	32.16337736460413	18.288766225036866
2	19.345981796087408	32.80162845501055	31.996179028953424	15.856210719948615
3	19.45792978004126	32.35977352899487	31.091688640089966	17.0906080508739
4	20.412083791036363	31.061944752106875	30.293279979975896	18.23269147688087
5	20.43570661772513	30.50287978328138	30.063734381364593	18.997679217628903
6	20.249519132727354	30.74743189171418	29.402046896179847	19.601002079378617
7	20.34159833313502	30.641304211308512	29.8300934882548	19.187003967301667
8	19.625525574960594	30.645308744140877	30.128648608450685	19.600517072447843
9	19.52918779498297	30.222070154262187	30.558172243215097	19.690569807539745
10-14	19.40340084002578	30.633114759849022	30.584463531480193	19.379020868645007
15-19	19.402737563254203	30.455033290606732	30.66970207671863	19.472527069420433
20-24	19.613051943268985	30.2878274302544	30.460389800104636	19.638730826371976
25-29	19.78618670154241	30.28535433810198	30.23196324451937	19.696495715836242
30-34	19.956849482857898	30.195174423356903	30.12620615882433	19.721769934960868
35-39	19.990459876252128	30.147084934781155	30.08392173295031	19.77853345601641
40-44	20.031719130346264	30.113380388070084	30.03507411595815	19.819826365625506
45-49	20.04540182489138	30.083132708444516	29.9827081469523	19.888757319711797
50-54	20.026439349993606	30.093149259330836	29.958167185021573	19.922244205653985
55-59	20.03441512000358	30.08357895942786	29.94337360012472	19.938632320443844
60-64	20.012467359510584	30.078298294347373	29.91012673183323	19.999107614308812
65-69	20.030417218221668	30.087814596364638	29.859328044442286	20.022440140971405
70-74	20.07751480932163	30.078148770635405	29.822995413780482	20.021341006262478
75-79	20.071896268111573	30.062833228471025	29.856164288530312	20.009106214887087
80-84	20.08631151244402	30.08490862439903	29.825876773132055	20.002903090024894
85-89	20.056034753365303	30.038608769550496	29.828228116957884	20.077128360126316
90-94	20.018261135567165	29.984210118148013	29.81212775219771	20.185400994087114
95-99	20.046922184476745	29.961312857372725	29.760818101687235	20.230946856463294
100	20.071014991155902	29.915722697381014	29.73864220416893	20.27462010729415
>>END_MODULE
>>Per base GC content	pass
#Base	%GC
1	35.22650935454977
2	35.20219251603602
3	36.548537830915166
4	38.64477526791723
5	39.43338583535403
6	39.850521212105974
7	39.52860230043669
8	39.22604264740844
9	39.21975760252271
10-14	38.78242170867078
15-19	38.875264632674636
20-24	39.25178276964096
25-29	39.48268241737865
30-34	39.678619417818766
35-39	39.768993332268536
40-44	39.85154549597178
45-49	39.93415914460318
50-54	39.94868355564759
55-59	39.973047440447424
60-64	40.0115749738194
65-69	40.05285735919308
70-74	40.09885581558411
75-79	40.08100248299866
80-84	40.089214602468914
85-89	40.13316311349162
90-94	40.203662129654276
95-99	40.27786904094004
100	40.34563509845005
>>END_MODULE
>>Per sequence GC content	warn
#GC Content	Count
0	57877.0
1	60032.0
2	70433.5
3	92613.0
4	113951.5
5	126777.0
6	145680.0
7	169580.5
8	198232.0
9	235323.5
10	276708.0
11	328300.5
12	396728.0
13	485486.5
14	613722.5
15	817149.5
16	1143312.0
17	1667854.5
18	2464365.5
19	3585114.0
20	5086408.0
21	6988307.5
22	9272955.0
23	1.1928821E7
24	1.4955964E7
25	1.83881385E7
26	2.21371795E7
27	2.6063614E7
28	3.00812305E7
29	3.4059703E7
30	3.7873119E7
31	4.1441225E7
32	4.47621735E7
33	4.77807585E7
34	5.04013455E7
35	5.26728865E7
36	5.45615835E7
37	5.5721232E7
38	5.5859332E7
39	5.4936367E7
40	5.3018923E7
41	5.0304284E7
42	4.6981471E7
43	4.3405632E7
44	4.00520575E7
45	3.70951775E7
46	3.46366245E7
47	3.2686551E7
48	3.09800585E7
49	2.9257272E7
50	2.7402862E7
51	2.5421159E7
52	2.33902465E7
53	2.14737555E7
54	1.97242455E7
55	1.81312215E7
56	1.6643202E7
57	1.5109423E7
58	1.34706025E7
59	1.17243755E7
60	9951202.5
61	8271757.5
62	6790708.0
63	5551525.0
64	4534208.0
65	3700187.5
66	3012546.5
67	2438892.5
68	1961367.5
69	1574210.5
70	1262919.0
71	1014806.0
72	819235.5
73	665872.0
74	545690.5
75	451891.0
76	381463.0
77	327742.0
78	285596.0
79	250054.0
80	215778.0
81	182992.5
82	154076.0
83	129423.5
84	107792.5
85	87540.5
86	68669.0
87	52186.5
88	38612.0
89	28423.5
90	21156.5
91	15658.5
92	11790.5
93	9010.5
94	6741.0
95	5061.0
96	3582.0
97	2382.5
98	1554.0
99	893.0
100	642.5
>>END_MODULE
>>Per base N content	pass
#Base	N-Count
1	0.1360067743940392
2	0.07119058091351937
3	0.07763154314940401
4	0.0705040657445791
5	0.09027963112320184
6	0.06349826728691922
7	0.06860893301109959
8	0.06502401482466119
9	0.06585425059847842
10-14	0.046470037101680316
15-19	0.009875937172581811
20-24	0.037164349102189416
25-29	0.07603437764181029
30-34	0.05118899108023669
35-39	0.08766460585338967
40-44	0.035691591508905995
45-49	0.026318264109456816
50-54	0.046064305662205506
55-59	0.06247324023736313
60-64	0.03847101455773446
65-69	0.026019742093546985
70-74	0.05767165253387438
75-79	0.08123673366320744
80-84	0.06858305280619426
85-89	0.028837790523508794
90-94	0.07196176903558851
95-99	0.09515031267617137
100	0.09737044740346502
>>END_MODULE
>>Sequence Length Distribution	pass
#Length	Count
100	1.333837971E9
>>END_MODULE
>>Sequence Duplication Levels	fail
#Total Duplicate Percentage	77.70853271063814
#Duplication Level	Relative count
1	100.0
2	42.25969684480469
3	28.11398085817649
4	17.57223977652608
5	10.774144800109905
6	6.31268031322984
7	3.732197646196822
8	2.306864496038833
9	1.3703805467784036
10++	16.52699546641022
>>END_MODULE
>>Overrepresented sequences	pass
>>END_MODULE
>>Kmer Content	warn
#Sequence	Count	Obs/Exp Overall	Obs/Exp Max	Max Obs/Exp Position
CCCAG	209933565	3.5336065	3.9277828	25-29
CTGGG	210223060	3.507694	3.97744	1
GGAGG	192351265	3.1696494	3.3921485	3
CCAGG	189085770	3.1602519	3.5204153	25-29
GGGGG	125253270	3.1379807	4.7292266	95-96
CCTGG	183474905	3.0831265	3.2624514	70-74
CCTCC	180434790	3.0752597	3.4917748	70-74
>>END_MODULE
